$ 1 0.000005 5.459815003314424 50 5 50 5e-11
t 576 176 576 240 1 1 0.046273098282291876 0.5379987931734383 100 default
t 576 320 576 288 1 1 -0.00032069853514472173 0.49138739270243775 100 default
t 704 176 704 240 1 -1 0.048185171536774186 0.5398932627743567 100 default
t 704 320 704 288 1 -1 -0.000017624837713544304 0.4917080700534329 100 default
w 592 240 640 240 0
w 640 240 688 240 0
w 592 288 640 288 0
w 640 288 688 288 0
w 640 288 640 240 0
w 560 240 528 240 0
w 528 240 528 352 0
w 528 352 752 352 0
w 752 352 752 288 0
w 752 288 720 288 0
w 720 240 768 240 0
w 768 240 768 368 0
w 768 368 512 368 0
w 512 368 512 288 0
w 512 288 560 288 0
r 576 448 640 448 0 1800
r 640 448 704 448 0 1800
w 576 448 576 320 0
w 704 448 704 320 0
g 640 448 640 464 0 0
r 496 416 560 416 0 10000
w 560 416 640 416 0
w 640 416 640 288 0
g 640 176 640 192 0 0
r 640 176 704 176 0 1800
r 576 176 640 176 0 1800
r 576 176 576 112 0 100000
r 704 176 704 112 0 100000
r 768 176 768 112 0 220000
r 512 176 512 112 0 220000
w 512 176 576 176 0
w 704 176 768 176 0
R 512 112 512 80 0 0 40 11.7 0 0 0.5
R 768 112 768 80 0 0 40 11.7 0 0 0.5
a 480 16 576 16 8 10.8 -10.8 1000000 0.00002571139100662898 0 100000
a 192 240 288 240 8 10.8 -10.8 1000000 1.3648525570056693 5.403350134463955 100000
a 816 256 912 256 8 10.8 -10.8 1000000 2.117365324068906e-8 0 100000
a 400 416 496 416 8 10.8 -10.8 1000000 0.000017624827217220523 0 100000
g 480 32 480 48 0 0
w 576 16 576 112 0
w 576 16 704 16 0
w 704 16 704 112 0
r 480 -48 576 -48 0 100000
w 576 -48 576 16 0
w 480 -48 480 0 0
r 416 0 480 0 0 100000
g 400 432 400 448 0 0
c 400 352 496 352 4 1e-11 1.7625003465492697 0.001 0
w 496 352 496 416 0
w 400 352 400 400 0
w 400 352 400 240 0
w 400 240 528 240 0
r 400 240 336 240 0 100000
r 336 240 336 304 0 100000
r 336 304 336 368 0 100000
g 336 368 336 384 0 0
c 192 176 288 176 4 1e-11 -9.435551281952074 0.001 0
w 192 176 192 224 0
w 288 176 288 240 0
g 816 272 816 288 0 0
w 816 240 768 240 0
w 192 256 192 304 0
r 912 256 976 256 0 1000
c 912 192 976 192 4 2.2000000000000002e-8 -1.364852535832016 0.001 0
w 816 240 816 192 0
w 976 256 976 192 0
w 192 224 64 224 0
w 64 496 976 496 0
w 976 256 976 384 0
174 400 32 416 -16 1 100000 0.6683 Frequency Pot
r 400 -32 400 -96 0 10000
r 400 32 400 96 0 10000
R 400 96 400 128 0 0 40 -11.7 0 0 0.5
R 400 -96 400 -128 0 0 40 11.7 0 0 0.5
207 976 256 1024 256 4 Triangle\sOut
w 64 224 64 496 0
a 848 -64 944 -64 9 10.8 -10.8 1000000 0.11584158415841582 4.999999999988347 100000
r 848 0 912 0 0 1000
r 848 0 784 0 0 100000
g 912 0 912 16 0 0
R 784 0 784 -32 0 0 40 11.7 0 0 0.5
w 848 -48 848 0 0
r 736 -80 736 -16 0 100000
g 736 -16 736 0 0 0
r 736 -80 848 -80 0 22000
R 672 -80 640 -80 0 2 28.8 5 0 0 0.5
d 944 -64 1008 -64 2 1N4148
c 1008 -64 1072 -64 4 1e-9 10.303872300407196 0.001 0
d 1136 0 1136 -64 2 1N4148
r 1008 -64 1008 0 0 100000
r 1072 -64 1072 0 0 33000
g 1008 0 1008 16 0 0
g 1072 0 1072 16 0 0
j 944 128 944 160 32 -3 0.00125
w 880 192 816 192 0
w 928 160 912 160 0
w 912 160 912 192 0
w 960 160 976 160 0
w 976 160 976 192 0
g 1136 0 1136 16 0 0
a 1136 -80 1232 -80 8 10.8 -10.8 1000000 5.85 2.4866302639931237e-13 100000
r 1136 -144 1072 -144 0 100000
r 1136 -144 1200 -144 0 100000
g 1072 -144 1072 -128 0 0
R 1200 -144 1200 -176 0 0 40 11.7 0 0 0.5
w 1136 -96 1136 -144 0
r 1168 128 1232 128 0 10000
w 880 192 912 192 0
d 1232 -80 1232 -16 2 1N4148
r 1232 128 1232 192 0 22000
w 944 128 1168 128 0
w 1232 128 1232 -16 0
R 1232 192 1232 224 0 0 40 -11.7 0 0 0.5
207 1168 128 1168 80 4 Reset\spulse
w 1072 -64 1136 -64 0
j 160 384 192 384 40 -3 0.00125
207 160 384 128 384 4 Reset\spulse
R 192 400 192 432 0 0 40 11.7 0 0 0.5
c 256 304 256 368 4 1e-10 5.403350134463955 0.001 0
g 256 368 256 384 0 0
r 192 368 192 304 0 10000
s 672 -80 736 -80 0 0 false
c 848 0 848 64 4 1e-10 0.11584158415841582 0.001 0
g 848 64 848 80 0 0
w 336 304 256 304 0
w 256 304 192 304 0
w 336 240 288 240 0
r 288 176 352 176 0 100000
r 352 176 416 176 0 100000
g 416 176 416 192 0 0
207 352 176 352 144 4 Sqr\sOut
a 1168 400 1264 400 8 10.8 -10.8 1000000 0.01878864387714075 0.01877545291002198 100000
a 1328 416 1424 416 8 10.8 -10.8 1000000 -0.000013190703304702878 0 100000
207 288 176 288 144 4 Sqr\sRaw
d 1008 464 1072 464 2 1N4148
r 1072 464 1136 464 0 47000
t 1136 464 1168 464 0 1 0.5542097195112377 0.5729851724212597 100 default
207 1008 464 1008 432 4 Sqr\sRaw
g 1168 480 1168 496 0 0
r 1072 416 1168 416 0 100000
r 1072 384 1168 384 0 100000
w 1072 384 1072 416 0
w 976 384 976 496 0
w 976 384 1072 384 0
w 1168 448 1168 416 0
r 1168 336 1264 336 0 100000
c 1168 288 1264 288 4 1e-10 1.3378853557540378 0.001 0
w 1168 336 1168 384 0
w 1168 336 1168 288 0
w 1264 288 1264 336 0
w 1264 336 1264 400 0
r 1264 400 1328 400 0 10000
g 1328 432 1328 448 0 0
r 1328 352 1424 352 0 10000
w 1328 352 1328 400 0
w 1424 352 1424 416 0
207 1264 288 1264 256 4 Saw
207 1424 352 1424 320 4 Ramp
o 78 64 0 12290 11.21699675730199 0.0001 0 8 78 3 89 0 89 3 117 0 117 3 134 0 134 3
o 160 64 0 4099 10 0.00009765625 1 4 160 3 161 0 161 3
38 89 F1 3 4 500 -1 Frequency
