$ 1 0.000005 5.459815003314424 50 5 50 5e-11
t 576 176 576 240 1 1 0.19133800828392306 -0.3467845951909407 100 default
t 576 320 576 288 1 1 -0.00003733014686864471 -0.5381063074939882 100 default
t 704 176 704 240 1 -1 0.1912843821561789 -0.3467845951909407 100 default
t 704 320 704 288 1 -1 0.00012429780726329337 -0.5379983056676004 100 default
w 592 240 640 240 0
w 640 240 688 240 0
w 592 288 640 288 0
w 640 288 688 288 0
w 640 288 640 240 0
w 560 240 528 240 0
w 528 240 528 352 0
w 528 352 752 352 0
w 752 352 752 288 0
w 752 288 720 288 0
w 720 240 768 240 0
w 768 240 768 368 0
w 768 368 512 368 0
w 512 368 512 288 0
w 512 288 560 288 0
r 576 448 640 448 0 100
r 640 448 704 448 0 100
w 576 448 576 320 0
w 704 448 704 320 0
g 640 448 640 464 0 0
r 496 416 560 416 0 10000
w 560 416 640 416 0
w 640 416 640 288 0
g 640 128 640 144 0 0
r 576 128 640 128 0 100
r 576 128 576 64 0 5545
r 480 -48 480 -112 0 220000
R 480 -112 480 -144 0 0 40 -10 0 0 0.5
a 480 16 576 16 8 10.8 -10.8 1000000 -1.078901609677396 0 100000
a 192 240 288 240 8 10.8 -10.8 1000000 -3.074359848665766 -5.3915709223151085 100000
a 816 256 912 256 8 10.8 -10.8 1000000 0.000037330147524907604 0 100000
a 400 416 496 416 8 10.8 -10.8 1000000 -0.000016295980219244375 0 100000
g 480 32 480 48 0 0
w 576 16 576 64 0
r 480 -48 576 -48 0 100000
w 576 -48 576 16 0
w 480 -48 480 0 0
r 416 0 480 0 0 100000
g 400 432 400 448 0 0
c 400 352 496 352 4 1e-11 -1.6296143179046567 0.001 0
w 496 352 496 416 0
w 400 352 400 400 0
w 400 352 400 240 0
w 400 240 528 240 0
r 400 240 336 240 0 100000
r 336 240 336 304 0 100000
r 336 304 336 368 0 100000
g 336 368 336 384 0 0
c 192 176 288 176 4 1e-11 7.725871861641599 0.001 0
w 192 176 192 224 0
w 288 176 288 240 0
g 816 272 816 288 0 0
w 816 240 768 240 0
w 192 256 192 304 0
r 912 256 976 256 0 1000
c 912 192 976 192 4 2.2000000000000002e-8 3.0743971788132907 0.001 0
w 816 240 816 192 0
w 976 256 976 192 0
w 192 224 64 224 0
w 64 496 976 496 0
w 976 256 976 384 0
174 400 32 416 -16 1 100000 0.005 Frequency Pot
r 400 -32 400 -96 0 10000
r 400 32 400 96 0 10000
R 400 96 400 128 0 0 40 -11.7 0 0 0.5
R 400 -96 400 -128 0 0 40 11.7 0 0 0.5
207 976 256 1024 256 4 Triangle\sOut
w 64 224 64 496 0
a 848 -64 944 -64 9 10.8 -10.8 1000000 0.12315789473656598 1.549861923370345e-11 100000
r 848 0 784 0 0 1000
r 976 0 912 0 0 47000
g 784 0 784 16 0 0
R 976 0 976 -32 0 0 40 11.7 0 0 0.5
w 848 -48 848 0 0
r 736 -80 736 -16 0 100000
g 736 -16 736 0 0 0
r 736 -80 848 -80 0 18000
R 672 -80 640 -80 0 2 28.8 5 0 0 0.5
d 944 -64 1024 -64 2 1N4148
c 1024 -64 1088 -64 4 1e-9 -0.0004351999578231707 0.001 0
d 1136 0 1136 -64 2 1N4148
r 1024 -64 1024 0 0 100000
r 1088 -64 1088 0 0 33000
g 1024 0 1024 16 0 0
g 1088 0 1088 16 0 0
j 944 128 944 160 32 -3 0.00125
w 880 192 816 192 0
w 928 160 912 160 0
w 912 160 912 192 0
w 960 160 976 160 0
w 976 160 976 192 0
g 1136 0 1136 16 0 0
a 1136 -80 1232 -80 8 10.8 -10.8 1000000 5.911578947355167 -4.21673365480987e-11 100000
r 1168 128 1232 128 0 10000
w 880 192 912 192 0
d 1232 -80 1232 -16 2 1N4148
r 1232 128 1232 192 0 18000
w 944 128 1168 128 0
w 1232 128 1232 -16 0
R 1232 192 1232 224 0 0 40 -11.7 0 0 0.5
207 1168 128 1168 80 4 Reset\spulse
w 1088 -64 1136 -64 0
j 160 384 192 384 40 -3 0.00125
207 160 384 128 384 4 Reset\spulse
R 192 400 192 432 0 0 40 11.7 0 0 0.5
c 256 304 256 368 4 1e-10 -5.3915709223151085 0.001 0
g 256 368 256 384 0 0
r 192 368 192 304 0 10000
s 672 -80 736 -80 0 1 false
c 848 0 848 64 4 1e-10 0.12315789473656598 0.001 0
g 848 64 848 80 0 0
w 336 304 256 304 0
w 256 304 192 304 0
w 336 240 288 240 0
r 288 176 352 176 0 100000
r 352 176 416 176 0 100000
g 416 176 416 192 0 0
207 352 176 352 144 4 Sqr\sOut
a 1168 400 1264 400 8 10.8 -10.8 1000000 -3.074329580814833 -3.0743603238079555 100000
a 1328 416 1424 416 8 10.8 -10.8 1000000 -0.00003074237827511075 0 100000
207 288 176 288 144 4 Sqr\sRaw
d 1008 464 1072 464 2 1N4148
r 1072 464 1136 464 0 47000
t 1136 464 1168 464 0 1 -7.7257810891070715 -10.800141412915027 100 default
207 1008 464 1008 432 4 Sqr\sRaw
g 1168 480 1168 496 0 0
r 1072 416 1168 416 0 100000
r 1072 384 1168 384 0 100000
w 1072 384 1072 416 0
w 976 384 976 496 0
w 976 384 1072 384 0
w 1168 448 1168 416 0
r 1168 336 1264 336 0 100000
c 1168 288 1264 288 4 1e-10 -0.00003026854720822314 0.001 0
w 1168 336 1168 384 0
w 1168 336 1168 288 0
w 1264 288 1264 336 0
w 1264 336 1264 400 0
r 1264 400 1328 400 0 100000
g 1328 432 1328 448 0 0
r 1328 352 1424 352 0 100000
w 1328 352 1328 400 0
w 1424 352 1424 416 0
207 1264 288 1264 256 4 Saw
207 1424 352 1424 320 4 Ramp
w 576 176 576 128 0
w 576 176 704 176 0
r 848 0 912 0 0 47000
207 912 0 912 32 4 comp_ref
207 1136 -96 1104 -96 4 comp_ref
o 70 64 0 12290 11.225520363627066 0.0001 0 8 70 3 81 0 81 3 104 0 104 3 121 0 121 3
o 147 64 0 4099 10 0.00009765625 1 4 147 3 148 0 148 3
38 81 F1 3 4 500 -1 Frequency
