$ 1 0.000005 10.20027730826997 50 5 50 5e-11
a 272 160 352 160 9 10.8 -10.8 1000000 1.804138163170006 1.8041742459332692 100000
a 512 288 592 288 8 10.8 -10.8 1000000 1.8041455726205555 1.8041381631700064 100000
a 656 304 736 304 8 10.8 -10.8 1000000 -0.7409450549288511 5.400307057205608 100000
r 272 224 352 224 0 100000
r 272 224 272 288 0 100000
r 224 224 224 288 0 100000
w 272 224 272 176 0
w 352 224 352 160 0
g 224 288 224 304 0 0
g 272 288 272 304 0 0
r 160 224 224 224 0 100000
r 160 144 224 144 0 100000
w 272 144 224 144 0
w 224 144 224 224 0
174 64 176 96 128 5 100000 0.5 CV attn
174 128 256 160 208 5 100000 0.5 Freq
w 96 144 160 144 0
R 128 192 128 160 0 0 40 11.7 0 0 0.5
r 128 256 128 320 0 270
g 128 320 128 336 0 0
g 64 176 64 192 0 0
172 64 112 64 80 0 7 0 5 -5 0 0.5 CV In
r 352 160 480 160 0 100000
r 352 304 512 304 0 51000
S 480 160 544 160 0 1 false 0 2
c 480 224 592 224 4 1.0000000000000001e-7 2.545092355604105 0.001 0.1
c 544 144 592 144 4 0.000001 2.5612012304152127 0.001 0
w 480 272 480 224 0
w 592 288 592 224 0
w 480 224 480 160 0
w 592 224 592 144 0
w 352 224 352 304 0
r 512 368 512 304 0 51000
r 480 464 480 384 0 51000
w 480 272 512 272 0
g 512 368 512 384 0 0
w 480 384 480 272 0
f 528 480 480 480 32 3 0.02
g 480 496 480 512 0 0
r 528 480 528 544 0 5100
r 528 480 592 480 0 10000
g 528 544 528 560 0 0
w 592 288 656 288 0
r 656 368 656 432 0 10000
g 656 432 656 448 0 0
r 656 368 736 368 0 10000
w 736 304 736 368 0
w 656 368 656 320 0
w 592 480 736 480 0
w 736 480 736 368 0
O 592 144 640 144 3 1
O 736 304 784 304 3 1
o 50 64 0 x281012 5 0.1 0 2 12 1 -1 51 0 1 0
