$ 1 0.000005 4.621633621589249 50 5 50 5e-11
r 688 320 688 384 0 100000
r 752 320 752 384 0 10000
c 688 320 752 320 4 1e-8 13.74905122093202 0.001 0
d 624 320 688 320 2 1N4148
g 688 384 688 400 0 0
g 752 384 752 400 0 0
t 880 320 928 320 0 1 -5.000433670077901 -0.000434689954509132 100 default
g 928 384 928 400 0 0
R 368 304 336 304 0 2 400 5 0 0 0.5
O 928 304 976 304 0 0
r 928 304 928 240 0 100000
R 928 240 928 208 0 0 40 5 0 0 0.5
r 368 304 432 304 0 1000
O 880 320 880 288 0 0
w 928 384 928 336 0
a 544 320 624 320 9 15 -15 1000000 2.1188524590163933 -5.1763583158775734 100000
r 480 400 544 400 0 100000
r 544 400 608 400 0 22000
c 544 400 544 448 4 1e-10 2.1188524590163933 0.001 0
g 544 448 544 464 0 0
g 608 400 608 416 0 0
R 480 400 480 368 0 0 40 11.75 0 0 0.5
w 544 400 544 336 0
r 432 304 432 352 0 100000
g 432 352 432 368 0 0
r 480 304 544 304 0 22000
w 480 304 432 304 0
r 544 256 624 256 0 1000000
w 544 256 544 304 0
w 624 320 624 256 0
c 544 208 624 208 4 1e-10 9.824371190199917 0.001 0
w 544 208 544 256 0
w 624 208 624 256 0
r 816 320 880 320 0 1000
d 752 320 816 320 2 1N4148
r 880 320 880 384 0 100000
g 880 384 880 400 0 0
o 8 8 0 x281012 5 0.1 0 4 10 1 0 8 3 Infinity 0 9 0 1 0 13 0 1 0
