$ 1 0.000005 5.934295036739208 50 5 50 5e-11
a 272 160 352 160 9 11 -11 1000000 0.041656129736758814 0.041656962859353545 100000
a 512 288 592 288 8 11 -11 1000000 0.04169410424616228 0.04165612973675853 100000
a 656 304 736 304 8 11 -11 1000000 -3.7974509403750445 5.500464890291534 100000
r 272 224 352 224 0 100000
r 272 224 272 288 0 100000
r 160 224 160 288 0 680000
w 272 224 272 176 0
w 352 224 352 160 0
g 160 288 160 304 0 0
g 272 288 272 304 0 0
r 96 224 160 224 0 100000
r 96 144 160 144 0 100000
w 208 144 160 144 0
w 160 144 160 224 0
174 0 176 32 128 5 100000 0.005 CV attn
174 64 256 96 208 5 100000 0.005 Freq
w 32 144 96 144 0
R 64 192 64 160 0 0 40 11.7 0 0 0.5
r 64 256 64 320 0 270
g 64 320 64 336 0 0
g 0 176 0 192 0 0
172 0 112 0 80 0 7 0 7.5 -7.5 0 0.5 CV In
r 400 160 480 160 0 100000
r 400 304 512 304 0 51000
S 480 160 544 160 0 1 false 0 3
c 480 224 592 224 4 1e-8 3.83914508464436 0.001 0.1
c 544 144 592 144 4 0.000001 2.1984954858192305 0.001 0
w 480 272 480 224 0
w 592 288 592 224 0
w 480 224 480 160 0
w 592 224 592 176 0
w 400 160 400 304 0
r 512 368 512 304 0 51000
r 480 464 480 384 0 51000
w 480 272 512 272 0
g 512 368 512 384 0 0
w 480 384 480 272 0
f 528 480 480 480 32 3 0.02
g 480 496 480 512 0 0
r 528 480 528 544 0 5100
r 528 480 592 480 0 10000
g 528 544 528 560 0 0
w 592 288 656 288 0
r 656 368 656 432 0 10000
g 656 432 656 448 0 0
r 656 368 736 368 0 10000
w 736 304 736 368 0
w 656 368 656 320 0
w 592 480 736 480 0
w 736 480 736 368 0
O 592 144 640 144 3 1
O 736 304 784 304 3 1
c 544 176 592 176 4 1.0000000000000001e-7 2.1984954847854743 0.001 0
w 592 176 592 144 0
w 208 144 272 144 0
w 352 160 400 160 0
o 50 64 0 x281012 5 0.1 0 2 12 1 -1 51 0 1 0
